11,875,5
11,1000,,20
13,1000,,,37
9,1000,,,,9
13,750,,,,,8
11,917,,,,,,1
9,917,,,,,,,1
15,833,,,,,,,,2
9,833,,,,,,,,,3
15,1000,,,,,,,,,,47
11,750,,,,,,,,,,,2
9,875,,,,,,,,,,,,1
15,625,,,,,,,,,,,,,5
17,1000,,,,,,,,,,,,,,41
11,833,,,,,,,,,,,,,,,3
9,750,,,,,,,,,,,,,,,,2
11,667,,,,,,,,,,,,,,,,,2
9,667,,,,,,,,,,,,,,,,,,2
13,667,,,,,,,,,,,,,,,,,,,3
17,667,,,,,,,,,,,,,,,,,,,,2
13,875,,,,,,,,,,,,,,,,,,,,,3
15,875,,,,,,,,,,,,,,,,,,,,,,1
15,750,,,,,,,,,,,,,,,,,,,,,,,4
13,625,,,,,,,,,,,,,,,,,,,,,,,,2
19,750,,,,,,,,,,,,,,,,,,,,,,,,,3
17,500,,,,,,,,,,,,,,,,,,,,,,,,,,2
13,500,,,,,,,,,,,,,,,,,,,,,,,,,,,1
19,1000,,,,,,,,,,,,,,,,,,,,,,,,,,,,18
17,750,,,,,,,,,,,,,,,,,,,,,,,,,,,,,2
15,667,,,,,,,,,,,,,,,,,,,,,,,,,,,,,,1
19,500,,,,,,,,,,,,,,,,,,,,,,,,,,,,,,,1
21,1000,,,,,,,,,,,,,,,,,,,,,,,,,,,,,,,,7
9,889,,,,,,,,,,,,,,,,,,,,,,,,,,,,,,,,,1
11,778,,,,,,,,,,,,,,,,,,,,,,,,,,,,,,,,,,1
9,778,,,,,,,,,,,,,,,,,,,,,,,,,,,,,,,,,,,1
17,889,,,,,,,,,,,,,,,,,,,,,,,,,,,,,,,,,,,,1
11,889,,,,,,,,,,,,,,,,,,,,,,,,,,,,,,,,,,,,,1
13,778,,,,,,,,,,,,,,,,,,,,,,,,,,,,,,,,,,,,,,1
15,778,,,,,,,,,,,,,,,,,,,,,,,,,,,,,,,,,,,,,,,1
13,833,,,,,,,,,,,,,,,,,,,,,,,,,,,,,,,,,,,,,,,,1
13,556,,,,,,,,,,,,,,,,,,,,,,,,,,,,,,,,,,,,,,,,,1
11,562,,,,,,,,,,,,,,,,,,,,,,,,,,,,,,,,,,,,,,,,,,1
21,667,,,,,,,,,,,,,,,,,,,,,,,,,,,,,,,,,,,,,,,,,,,1
9,688,,,,,,,,,,,,,,,,,,,,,,,,,,,,,,,,,,,,,,,,,,,,1
17,833,,,,,,,,,,,,,,,,,,,,,,,,,,,,,,,,,,,,,,,,,,,,,1
23,1000,,,,,,,,,,,,,,,,,,,,,,,,,,,,,,,,,,,,,,,,,,,,,,2
9,812,,,,,,,,,,,,,,,,,,,,,,,,,,,,,,,,,,,,,,,,,,,,,,,1
25,0,,,,,,,,,,,,,,,,,,,,,,,,,,,,,,,,,,,,,,,,,,,,,,,,1
