11,875,2
11,812,,1
13,1000,,,8
11,1000,,,,4
9,1000,,,,,3
11,750,,,,,,6
13,750,,,,,,,12
11,917,,,,,,,,1
13,917,,,,,,,,,1
9,625,,,,,,,,,,3
15,833,,,,,,,,,,,2
13,833,,,,,,,,,,,,5
11,833,,,,,,,,,,,,,4
9,750,,,,,,,,,,,,,,4
13,688,,,,,,,,,,,,,,,2
15,750,,,,,,,,,,,,,,,,10
11,625,,,,,,,,,,,,,,,,,4
13,625,,,,,,,,,,,,,,,,,,4
15,625,,,,,,,,,,,,,,,,,,,8
17,1000,,,,,,,,,,,,,,,,,,,,16
15,1000,,,,,,,,,,,,,,,,,,,,,10
11,688,,,,,,,,,,,,,,,,,,,,,,2
11,667,,,,,,,,,,,,,,,,,,,,,,,3
9,500,,,,,,,,,,,,,,,,,,,,,,,,2
9,583,,,,,,,,,,,,,,,,,,,,,,,,,1
13,667,,,,,,,,,,,,,,,,,,,,,,,,,,6
15,667,,,,,,,,,,,,,,,,,,,,,,,,,,,8
11,500,,,,,,,,,,,,,,,,,,,,,,,,,,,,3
9,667,,,,,,,,,,,,,,,,,,,,,,,,,,,,,2
13,562,,,,,,,,,,,,,,,,,,,,,,,,,,,,,,2
15,562,,,,,,,,,,,,,,,,,,,,,,,,,,,,,,,2
17,667,,,,,,,,,,,,,,,,,,,,,,,,,,,,,,,,8
15,875,,,,,,,,,,,,,,,,,,,,,,,,,,,,,,,,,2
17,875,,,,,,,,,,,,,,,,,,,,,,,,,,,,,,,,,,1
11,583,,,,,,,,,,,,,,,,,,,,,,,,,,,,,,,,,,,2
13,875,,,,,,,,,,,,,,,,,,,,,,,,,,,,,,,,,,,,1
15,583,,,,,,,,,,,,,,,,,,,,,,,,,,,,,,,,,,,,,6
13,583,,,,,,,,,,,,,,,,,,,,,,,,,,,,,,,,,,,,,,2
17,583,,,,,,,,,,,,,,,,,,,,,,,,,,,,,,,,,,,,,,,2
19,750,,,,,,,,,,,,,,,,,,,,,,,,,,,,,,,,,,,,,,,,5
17,750,,,,,,,,,,,,,,,,,,,,,,,,,,,,,,,,,,,,,,,,,6
13,500,,,,,,,,,,,,,,,,,,,,,,,,,,,,,,,,,,,,,,,,,,7
15,500,,,,,,,,,,,,,,,,,,,,,,,,,,,,,,,,,,,,,,,,,,,6
17,500,,,,,,,,,,,,,,,,,,,,,,,,,,,,,,,,,,,,,,,,,,,,4
17,625,,,,,,,,,,,,,,,,,,,,,,,,,,,,,,,,,,,,,,,,,,,,,3
19,625,,,,,,,,,,,,,,,,,,,,,,,,,,,,,,,,,,,,,,,,,,,,,,1
19,500,,,,,,,,,,,,,,,,,,,,,,,,,,,,,,,,,,,,,,,,,,,,,,,1
15,438,,,,,,,,,,,,,,,,,,,,,,,,,,,,,,,,,,,,,,,,,,,,,,,,2
17,438,,,,,,,,,,,,,,,,,,,,,,,,,,,,,,,,,,,,,,,,,,,,,,,,,1
21,1000,,,,,,,,,,,,,,,,,,,,,,,,,,,,,,,,,,,,,,,,,,,,,,,,,,6
19,1000,,,,,,,,,,,,,,,,,,,,,,,,,,,,,,,,,,,,,,,,,,,,,,,,,,,11
9,438,,,,,,,,,,,,,,,,,,,,,,,,,,,,,,,,,,,,,,,,,,,,,,,,,,,,1
11,438,,,,,,,,,,,,,,,,,,,,,,,,,,,,,,,,,,,,,,,,,,,,,,,,,,,,,1
15,778,,,,,,,,,,,,,,,,,,,,,,,,,,,,,,,,,,,,,,,,,,,,,,,,,,,,,,2
13,778,,,,,,,,,,,,,,,,,,,,,,,,,,,,,,,,,,,,,,,,,,,,,,,,,,,,,,,1
9,562,,,,,,,,,,,,,,,,,,,,,,,,,,,,,,,,,,,,,,,,,,,,,,,,,,,,,,,,1
17,889,,,,,,,,,,,,,,,,,,,,,,,,,,,,,,,,,,,,,,,,,,,,,,,,,,,,,,,,,1
15,889,,,,,,,,,,,,,,,,,,,,,,,,,,,,,,,,,,,,,,,,,,,,,,,,,,,,,,,,,,1
13,889,,,,,,,,,,,,,,,,,,,,,,,,,,,,,,,,,,,,,,,,,,,,,,,,,,,,,,,,,,,2
17,778,,,,,,,,,,,,,,,,,,,,,,,,,,,,,,,,,,,,,,,,,,,,,,,,,,,,,,,,,,,,1
11,778,,,,,,,,,,,,,,,,,,,,,,,,,,,,,,,,,,,,,,,,,,,,,,,,,,,,,,,,,,,,,1
11,562,,,,,,,,,,,,,,,,,,,,,,,,,,,,,,,,,,,,,,,,,,,,,,,,,,,,,,,,,,,,,,1
13,438,,,,,,,,,,,,,,,,,,,,,,,,,,,,,,,,,,,,,,,,,,,,,,,,,,,,,,,,,,,,,,,3
17,833,,,,,,,,,,,,,,,,,,,,,,,,,,,,,,,,,,,,,,,,,,,,,,,,,,,,,,,,,,,,,,,,3
9,688,,,,,,,,,,,,,,,,,,,,,,,,,,,,,,,,,,,,,,,,,,,,,,,,,,,,,,,,,,,,,,,,,1
17,556,,,,,,,,,,,,,,,,,,,,,,,,,,,,,,,,,,,,,,,,,,,,,,,,,,,,,,,,,,,,,,,,,,3
15,556,,,,,,,,,,,,,,,,,,,,,,,,,,,,,,,,,,,,,,,,,,,,,,,,,,,,,,,,,,,,,,,,,,,2
11,556,,,,,,,,,,,,,,,,,,,,,,,,,,,,,,,,,,,,,,,,,,,,,,,,,,,,,,,,,,,,,,,,,,,,1
19,556,,,,,,,,,,,,,,,,,,,,,,,,,,,,,,,,,,,,,,,,,,,,,,,,,,,,,,,,,,,,,,,,,,,,,1
13,556,,,,,,,,,,,,,,,,,,,,,,,,,,,,,,,,,,,,,,,,,,,,,,,,,,,,,,,,,,,,,,,,,,,,,,1
19,667,,,,,,,,,,,,,,,,,,,,,,,,,,,,,,,,,,,,,,,,,,,,,,,,,,,,,,,,,,,,,,,,,,,,,,,2
21,667,,,,,,,,,,,,,,,,,,,,,,,,,,,,,,,,,,,,,,,,,,,,,,,,,,,,,,,,,,,,,,,,,,,,,,,,1
9,556,,,,,,,,,,,,,,,,,,,,,,,,,,,,,,,,,,,,,,,,,,,,,,,,,,,,,,,,,,,,,,,,,,,,,,,,,1
9,812,,,,,,,,,,,,,,,,,,,,,,,,,,,,,,,,,,,,,,,,,,,,,,,,,,,,,,,,,,,,,,,,,,,,,,,,,,1
19,833,,,,,,,,,,,,,,,,,,,,,,,,,,,,,,,,,,,,,,,,,,,,,,,,,,,,,,,,,,,,,,,,,,,,,,,,,,,1
21,750,,,,,,,,,,,,,,,,,,,,,,,,,,,,,,,,,,,,,,,,,,,,,,,,,,,,,,,,,,,,,,,,,,,,,,,,,,,,1
23,1000,,,,,,,,,,,,,,,,,,,,,,,,,,,,,,,,,,,,,,,,,,,,,,,,,,,,,,,,,,,,,,,,,,,,,,,,,,,,,2
9,875,,,,,,,,,,,,,,,,,,,,,,,,,,,,,,,,,,,,,,,,,,,,,,,,,,,,,,,,,,,,,,,,,,,,,,,,,,,,,,1
9,938,,,,,,,,,,,,,,,,,,,,,,,,,,,,,,,,,,,,,,,,,,,,,,,,,,,,,,,,,,,,,,,,,,,,,,,,,,,,,,,1
25,0,,,,,,,,,,,,,,,,,,,,,,,,,,,,,,,,,,,,,,,,,,,,,,,,,,,,,,,,,,,,,,,,,,,,,,,,,,,,,,,,1
