11,1,2
11,2,,30
13,1,,,4
11,3,,,,4
9,2,,,,,21
13,2,,,,,,41
15,1,,,,,,,4
13,3,,,,,,,,11
15,2,,,,,,,,,32
17,1,,,,,,,,,,5
15,3,,,,,,,,,,,22
17,2,,,,,,,,,,,,20
19,1,,,,,,,,,,,,,4
17,3,,,,,,,,,,,,,,16
19,2,,,,,,,,,,,,,,,9
21,1,,,,,,,,,,,,,,,,3
19,3,,,,,,,,,,,,,,,,,6
13,4,,,,,,,,,,,,,,,,,,1
15,4,,,,,,,,,,,,,,,,,,,3
17,4,,,,,,,,,,,,,,,,,,,,7
19,4,,,,,,,,,,,,,,,,,,,,,2
21,2,,,,,,,,,,,,,,,,,,,,,,3
23,1,,,,,,,,,,,,,,,,,,,,,,,1
21,3,,,,,,,,,,,,,,,,,,,,,,,,1
17,5,,,,,,,,,,,,,,,,,,,,,,,,,1
19,5,,,,,,,,,,,,,,,,,,,,,,,,,,1
21,4,,,,,,,,,,,,,,,,,,,,,,,,,,,1
23,2,,,,,,,,,,,,,,,,,,,,,,,,,,,,1
25,0,,,,,,,,,,,,,,,,,,,,,,,,,,,,,1
9,1,,,,,,,,,,,,,,,,,,,,,,,,,,,,,,1
