11,14,2
11,13,,1
13,12,,,4
11,12,,,,3
9,12,,,,,3
11,11,,,,,,4
13,11,,,,,,,3
9,11,,,,,,,,3
15,10,,,,,,,,,4
13,10,,,,,,,,,,5
11,10,,,,,,,,,,,7
9,10,,,,,,,,,,,,4
13,9,,,,,,,,,,,,,8
15,9,,,,,,,,,,,,,,4
11,9,,,,,,,,,,,,,,,6
9,9,,,,,,,,,,,,,,,,4
17,8,,,,,,,,,,,,,,,,,5
15,8,,,,,,,,,,,,,,,,,,8
13,8,,,,,,,,,,,,,,,,,,,15
11,8,,,,,,,,,,,,,,,,,,,,9
9,8,,,,,,,,,,,,,,,,,,,,,3
13,7,,,,,,,,,,,,,,,,,,,,,,11
15,7,,,,,,,,,,,,,,,,,,,,,,,14
17,7,,,,,,,,,,,,,,,,,,,,,,,,5
11,7,,,,,,,,,,,,,,,,,,,,,,,,,4
19,6,,,,,,,,,,,,,,,,,,,,,,,,,,4
17,6,,,,,,,,,,,,,,,,,,,,,,,,,,,7
15,6,,,,,,,,,,,,,,,,,,,,,,,,,,,,19
13,6,,,,,,,,,,,,,,,,,,,,,,,,,,,,,11
15,5,,,,,,,,,,,,,,,,,,,,,,,,,,,,,,8
17,5,,,,,,,,,,,,,,,,,,,,,,,,,,,,,,,10
19,5,,,,,,,,,,,,,,,,,,,,,,,,,,,,,,,,3
21,4,,,,,,,,,,,,,,,,,,,,,,,,,,,,,,,,,3
19,4,,,,,,,,,,,,,,,,,,,,,,,,,,,,,,,,,,6
17,4,,,,,,,,,,,,,,,,,,,,,,,,,,,,,,,,,,,18
15,4,,,,,,,,,,,,,,,,,,,,,,,,,,,,,,,,,,,,4
19,3,,,,,,,,,,,,,,,,,,,,,,,,,,,,,,,,,,,,,6
17,3,,,,,,,,,,,,,,,,,,,,,,,,,,,,,,,,,,,,,,3
21,3,,,,,,,,,,,,,,,,,,,,,,,,,,,,,,,,,,,,,,,2
9,13,,,,,,,,,,,,,,,,,,,,,,,,,,,,,,,,,,,,,,,,2
23,2,,,,,,,,,,,,,,,,,,,,,,,,,,,,,,,,,,,,,,,,,1
21,2,,,,,,,,,,,,,,,,,,,,,,,,,,,,,,,,,,,,,,,,,,2
19,2,,,,,,,,,,,,,,,,,,,,,,,,,,,,,,,,,,,,,,,,,,,3
9,14,,,,,,,,,,,,,,,,,,,,,,,,,,,,,,,,,,,,,,,,,,,,1
17,2,,,,,,,,,,,,,,,,,,,,,,,,,,,,,,,,,,,,,,,,,,,,,1
21,1,,,,,,,,,,,,,,,,,,,,,,,,,,,,,,,,,,,,,,,,,,,,,,1
23,1,,,,,,,,,,,,,,,,,,,,,,,,,,,,,,,,,,,,,,,,,,,,,,,1
9,15,,,,,,,,,,,,,,,,,,,,,,,,,,,,,,,,,,,,,,,,,,,,,,,,1
25,0,,,,,,,,,,,,,,,,,,,,,,,,,,,,,,,,,,,,,,,,,,,,,,,,,1
9,16,,,,,,,,,,,,,,,,,,,,,,,,,,,,,,,,,,,,,,,,,,,,,,,,,,1
