11,16,1
11,10,,3
13,14,,,8
11,4,,,,1
9,12,,,,,5
11,11,,,,,,4
13,16,,,,,,,1
11,6,,,,,,,,1
13,9,,,,,,,,,1
9,13,,,,,,,,,,6
15,14,,,,,,,,,,,1
13,10,,,,,,,,,,,,9
11,12,,,,,,,,,,,,,10
13,11,,,,,,,,,,,,,,11
13,4,,,,,,,,,,,,,,,3
11,13,,,,,,,,,,,,,,,,9
13,6,,,,,,,,,,,,,,,,,3
15,9,,,,,,,,,,,,,,,,,,4
15,16,,,,,,,,,,,,,,,,,,,1
17,12,,,,,,,,,,,,,,,,,,,,2
11,8,,,,,,,,,,,,,,,,,,,,,1
9,14,,,,,,,,,,,,,,,,,,,,,,8
13,18,,,,,,,,,,,,,,,,,,,,,,,1
13,8,,,,,,,,,,,,,,,,,,,,,,,,3
15,4,,,,,,,,,,,,,,,,,,,,,,,,,3
11,14,,,,,,,,,,,,,,,,,,,,,,,,,,5
15,10,,,,,,,,,,,,,,,,,,,,,,,,,,,12
13,12,,,,,,,,,,,,,,,,,,,,,,,,,,,,10
15,18,,,,,,,,,,,,,,,,,,,,,,,,,,,,,1
17,14,,,,,,,,,,,,,,,,,,,,,,,,,,,,,,1
17,8,,,,,,,,,,,,,,,,,,,,,,,,,,,,,,,11
15,6,,,,,,,,,,,,,,,,,,,,,,,,,,,,,,,,9
15,11,,,,,,,,,,,,,,,,,,,,,,,,,,,,,,,,,8
13,13,,,,,,,,,,,,,,,,,,,,,,,,,,,,,,,,,,6
17,9,,,,,,,,,,,,,,,,,,,,,,,,,,,,,,,,,,,6
19,12,,,,,,,,,,,,,,,,,,,,,,,,,,,,,,,,,,,,1
15,8,,,,,,,,,,,,,,,,,,,,,,,,,,,,,,,,,,,,,9
17,4,,,,,,,,,,,,,,,,,,,,,,,,,,,,,,,,,,,,,,6
15,12,,,,,,,,,,,,,,,,,,,,,,,,,,,,,,,,,,,,,,,11
17,10,,,,,,,,,,,,,,,,,,,,,,,,,,,,,,,,,,,,,,,,10
17,18,,,,,,,,,,,,,,,,,,,,,,,,,,,,,,,,,,,,,,,,,1
19,14,,,,,,,,,,,,,,,,,,,,,,,,,,,,,,,,,,,,,,,,,,2
17,6,,,,,,,,,,,,,,,,,,,,,,,,,,,,,,,,,,,,,,,,,,,8
19,8,,,,,,,,,,,,,,,,,,,,,,,,,,,,,,,,,,,,,,,,,,,,7
17,16,,,,,,,,,,,,,,,,,,,,,,,,,,,,,,,,,,,,,,,,,,,,,1
21,10,,,,,,,,,,,,,,,,,,,,,,,,,,,,,,,,,,,,,,,,,,,,,,2
19,4,,,,,,,,,,,,,,,,,,,,,,,,,,,,,,,,,,,,,,,,,,,,,,,5
15,5,,,,,,,,,,,,,,,,,,,,,,,,,,,,,,,,,,,,,,,,,,,,,,,,1
19,10,,,,,,,,,,,,,,,,,,,,,,,,,,,,,,,,,,,,,,,,,,,,,,,,,1
17,5,,,,,,,,,,,,,,,,,,,,,,,,,,,,,,,,,,,,,,,,,,,,,,,,,,3
19,6,,,,,,,,,,,,,,,,,,,,,,,,,,,,,,,,,,,,,,,,,,,,,,,,,,,3
21,6,,,,,,,,,,,,,,,,,,,,,,,,,,,,,,,,,,,,,,,,,,,,,,,,,,,,3
19,7,,,,,,,,,,,,,,,,,,,,,,,,,,,,,,,,,,,,,,,,,,,,,,,,,,,,,2
21,8,,,,,,,,,,,,,,,,,,,,,,,,,,,,,,,,,,,,,,,,,,,,,,,,,,,,,,1
23,6,,,,,,,,,,,,,,,,,,,,,,,,,,,,,,,,,,,,,,,,,,,,,,,,,,,,,,,1
21,4,,,,,,,,,,,,,,,,,,,,,,,,,,,,,,,,,,,,,,,,,,,,,,,,,,,,,,,,2
19,5,,,,,,,,,,,,,,,,,,,,,,,,,,,,,,,,,,,,,,,,,,,,,,,,,,,,,,,,,1
9,11,,,,,,,,,,,,,,,,,,,,,,,,,,,,,,,,,,,,,,,,,,,,,,,,,,,,,,,,,,1
23,4,,,,,,,,,,,,,,,,,,,,,,,,,,,,,,,,,,,,,,,,,,,,,,,,,,,,,,,,,,,1
9,10,,,,,,,,,,,,,,,,,,,,,,,,,,,,,,,,,,,,,,,,,,,,,,,,,,,,,,,,,,,,1
25,0,,,,,,,,,,,,,,,,,,,,,,,,,,,,,,,,,,,,,,,,,,,,,,,,,,,,,,,,,,,,,1
15,22,,,,,,,,,,,,,,,,,,,,,,,,,,,,,,,,,,,,,,,,,,,,,,,,,,,,,,,,,,,,,,1
13,20,,,,,,,,,,,,,,,,,,,,,,,,,,,,,,,,,,,,,,,,,,,,,,,,,,,,,,,,,,,,,,,1
11,18,,,,,,,,,,,,,,,,,,,,,,,,,,,,,,,,,,,,,,,,,,,,,,,,,,,,,,,,,,,,,,,,1
9,16,,,,,,,,,,,,,,,,,,,,,,,,,,,,,,,,,,,,,,,,,,,,,,,,,,,,,,,,,,,,,,,,,1
